1,Delphine,136,24480
2,Marlane,151,27180
3,Sayre,191,51570
4,Valli,171,30780
5,Laurena,212,76320
6,Hamil,128,23040
7,Ettie,164,29520
8,Andreas,132,23760
9,Dita,80,14400
10,Euell,99,17820
11,Karina,185,49950
12,Carey,209,75240
13,Haze,88,15840
14,Averil,99,17820
15,Giuditta,121,21780
16,Hans,240,86400
17,Raffaello,84,15120
18,Franky,133,23940
19,Leicester,167,30060
20,Samantha,226,81360
21,Elora,144,25920
22,Binny,84,15120
23,Trudy,198,53460
24,Shae,104,18720
25,Bordy,96,17280
26,Mechelle,120,21600
27,Lucita,210,75600
28,Michele,88,15840
29,Aubry,157,28260
30,Ginnifer,105,18900
31,Pace,132,23760
32,Coral,81,14580
33,Cozmo,167,30060
34,Archibaldo,123,22140
35,Eddy,136,24480
36,Helen-elizabeth,103,18540
37,Hilario,195,52650
38,Helge,176,31680
39,Gardener,222,79920
40,Gustavus,142,25560
41,Anderea,80,14400
42,Demetria,108,19440
43,Corabella,200,54000
44,Agathe,207,55890
45,Egor,83,14940
46,Murvyn,194,52380
47,Morten,95,17100
48,Marlena,233,83880
49,Franzen,83,14940
50,L;urette,195,52650
51,Law,209,75240
52,Stevie,238,85680
53,Taylor,239,86040
54,Olin,138,24840
55,Blondy,195,52650
56,Judas,120,21600
57,Aggy,116,20880
58,Brendin,176,31680
59,Joceline,142,25560
60,Cymbre,221,79560
61,Barbabra,229,82440
62,Rowan,110,19800
63,Hedda,198,53460
64,Nev,226,81360
65,Sam,233,83880
66,Morganne,194,52380
67,Deidre,95,17100
68,Laureen,143,25740
69,Crissy,195,52650
70,Wilone,102,18360
71,Milzie,92,16560
72,Dorisa,100,18000
73,Judie,152,27360
74,Lucas,182,49140
75,Kellen,206,55620
76,Ferdinande,175,31500
77,Kilian,174,31320
78,Bret,161,28980
79,Luca,164,29520
80,Cathe,146,26280
81,Zebedee,97,17460
82,Ediva,132,23760
83,Spence,144,25920
84,Jo ann,131,23580
85,Benetta,111,19980
86,Papageno,96,17280
87,Belvia,127,22860
88,Lynnett,140,25200
89,Launce,99,17820
90,Dougie,214,77040
91,Jamaal,144,25920
92,Alverta,155,27900
93,Marcelia,187,50490
94,Grace,131,23580
95,Kathi,189,51030
96,Raoul,197,53190
97,Bria,165,29700
98,Currey,202,54540
99,Daphene,142,25560
100,Will,130,23400
101,Nicko,94,16920
102,Bruce,83,14940
103,Brit,210,75600
104,Hyacinthe,106,19080
105,Andras,140,25200
106,Samara,221,79560
107,Germaine,86,15480
108,Demott,196,52920
109,Odo,228,82080
110,Chrotoem,116,20880
111,Hadleigh,110,19800
112,Adoree,193,52110
113,Whittaker,232,83520
114,Leodora,113,20340
115,Louisette,95,17100
116,Merna,99,17820
117,Sydel,187,50490
118,Jennine,229,82440
119,Tabbie,185,49950
120,June,202,54540
121,Pembroke,106,19080
122,Suzette,135,24300
123,Joete,192,51840
124,Adriena,200,54000
125,Lana,178,48060
126,Lyn,105,18900
127,Dulce,144,25920
128,North,220,79200
129,Bette,147,26460
130,Emmi,226,81360
131,Meier,152,27360
132,Joelly,195,52650
133,Marv,106,19080
134,Jasen,210,75600
135,Merilee,206,55620
136,Ollie,122,21960
137,Sherwood,189,51030
138,Gilligan,123,22140
139,Bibbie,217,78120
140,Mag,150,27000
141,Lettie,167,30060
142,Yelena,107,19260
143,Dorie,166,29880
144,Wyndham,135,24300
145,Gwenette,142,25560
146,Benita,132,23760
147,Patience,100,18000
148,Caryl,224,80640
149,Edlin,162,29160
150,Blake,162,29160
151,Durant,91,16380
152,Janene,216,77760
153,Krissy,171,30780
154,Monica,235,84600
155,Janessa,194,52380
156,Herb,81,14580
157,Fred,112,20160
158,Odille,175,31500
159,Annissa,133,23940
160,Electra,202,54540
161,Brigit,166,29880
162,Martyn,174,31320
163,Bari,230,82800
164,Ralph,88,15840
165,Katheryn,223,80280
166,Norma,107,19260
167,Sayer,168,30240
168,Alix,105,18900
169,Laurie,86,15480
170,Isa,165,29700
171,Humbert,239,86040
172,Emmy,80,14400
173,Redford,127,22860
174,Sabina,166,29880
175,Lemar,123,22140
176,Ranice,104,18720
177,Robyn,103,18540
178,Rosalinda,114,20520
179,Gordon,109,19620
180,Shanda,154,27720
181,Alvan,169,30420
182,Rae,99,17820
183,Elfrida,239,86040
184,Vinny,118,21240
185,Meredith,184,49680
186,Eadmund,186,50220
187,Cazzie,222,79920
188,Colman,105,18900
189,Jojo,98,17640
190,Ives,200,54000
191,Brett,142,25560
192,Tedie,171,30780
193,Otho,107,19260
194,Ritchie,153,27540
195,Eddy,94,16920
196,Kat,131,23580
197,Dorise,217,78120
198,Alyss,80,14400
199,Lorelei,191,51570
200,Pasquale,240,86400
201,Yvonne,190,51300
202,Kilian,152,27360
203,Kacie,85,15300
204,Rube,144,25920
205,Elita,95,17100
206,Tana,114,20520
207,Pansie,118,21240
208,Iormina,131,23580
209,Juliet,199,53730
210,Ida,207,55890
211,Romona,216,77760
212,Beaufort,218,78480
213,Bern,155,27900
214,Joana,205,55350
215,Shay,201,54270
216,Ximenez,170,30600
217,Sydel,228,82080
218,Ethelda,124,22320
219,Cyrus,225,81000
220,Gerardo,168,30240
221,Barnabas,159,28620
222,Winona,175,31500
223,Hanni,209,75240
224,Lilah,166,29880
225,Tallou,194,52380
226,Riki,138,24840
227,Krystle,147,26460
228,Tracy,177,47790
229,Estella,124,22320
230,Nessy,158,28440
231,Maighdiln,236,84960
232,Hadleigh,158,28440
233,Amalita,186,50220
234,Jordan,190,51300
235,Claudius,146,26280
236,Bonni,135,24300
237,Rhetta,98,17640
238,Allister,90,16200
239,Chariot,224,80640
240,Wolfgang,204,55080
241,Bibbye,144,25920
242,Marje,168,30240
243,Conway,158,28440
244,Jenn,92,16560
245,Berty,194,52380
246,Edwin,228,82080
247,Theodoric,187,50490
248,Eirena,128,23040
249,Michele,181,48870
250,Scotti,211,75960
251,Teodora,153,27540
252,Tersina,105,18900
253,Elisha,142,25560
254,Babb,181,48870
255,Raleigh,130,23400
256,Earvin,211,75960
257,Philippe,165,29700
258,Eran,186,50220
259,Casey,153,27540
260,Celestyn,224,80640
261,Lauritz,116,20880
262,Obie,162,29160
263,Rhona,226,81360
264,Norbert,175,31500
265,Yank,94,16920
266,Rafaelita,113,20340
267,Sig,83,14940
268,Anastasia,98,17640
269,Jonah,222,79920
270,Morgen,213,76680
271,Gwenore,240,86400
272,Marven,96,17280
273,Jasmine,213,76680
274,Kassia,195,52650
275,Fidelity,227,81720
276,Leslie,230,82800
277,Brooks,83,14940
278,Julio,219,78840
279,Ezri,238,85680
280,Rana,130,23400
281,Ettore,191,51570
282,Felice,203,54810
283,Georgena,156,28080
284,Alli,192,51840
285,Demott,236,84960
286,Augustus,225,81000
287,Madelaine,168,30240
288,Nicola,135,24300
289,Bearnard,120,21600
290,Hannis,147,26460
291,Loise,170,30600
292,Walker,84,15120
293,Kissiah,136,24480
294,Ronna,210,75600
295,Shirline,103,18540
296,Florella,146,26280
297,Wyn,207,55890
298,Rosabella,104,18720
299,Rodi,235,84600
300,Vasilis,214,77040
301,Roseanne,94,16920
302,Archibaldo,230,82800
303,Pamella,80,14400
304,Bonnibelle,167,30060
305,Wesley,80,14400
306,Carin,167,30060
307,Derril,102,18360
308,Land,197,53190
309,Angele,213,76680
310,Katrina,158,28440
311,Marcella,162,29160
312,Petronia,146,26280
313,Sloan,135,24300
314,Louie,212,76320
315,Sandro,216,77760
316,Alyse,214,77040
317,Boris,148,26640
318,Rikki,221,79560
319,Johannah,218,78480
320,Valle,150,27000
321,Lelia,150,27000
322,Saree,201,54270
323,Orelie,222,79920
324,Netta,92,16560
325,Henry,212,76320
326,Gaven,199,53730
327,Veronica,85,15300
328,Betti,108,19440
329,Amelie,179,48330
330,Forbes,155,27900
331,Teddy,231,83160
332,Leta,112,20160
333,Abner,119,21420
334,Reta,172,30960
335,Caprice,221,79560
336,Harris,117,21060
337,Curran,227,81720
338,Chev,167,30060
339,Ally,141,25380
340,Alisander,115,20700
341,Stearne,147,26460
342,Hunter,146,26280
343,Aubree,220,79200
344,Allin,197,53190
345,Donalt,152,27360
346,Dannie,166,29880
347,Delano,116,20880
348,Fee,114,20520
349,Sigismund,220,79200
350,Sandy,178,48060
351,Helena,126,22680
352,Rocky,115,20700
353,Ray,112,20160
354,Eyde,106,19080
355,Terry,137,24660
356,Ardra,163,29340
357,Melicent,218,78480
358,Dorie,204,55080
359,Nollie,97,17460
360,Dilan,104,18720
361,Myrtle,228,82080
362,Arabel,217,78120
363,Christos,94,16920
364,Leticia,131,23580
365,Veronika,226,81360
366,Blithe,199,53730
367,Chad,100,18000
368,Leonanie,206,55620
369,Doralin,227,81720
370,Pen,96,17280
371,Nadiya,155,27900
372,Arabela,100,18000
373,Kerrie,168,30240
374,Colver,227,81720
375,Taddeusz,139,25020
376,Chic,151,27180
377,Dorisa,223,80280
378,Mirelle,232,83520
379,Channa,144,25920
380,Wandis,183,49410
381,Rebeka,114,20520
382,Gran,198,53460
383,Audi,137,24660
384,Tessy,177,47790
385,Ignacius,216,77760
386,Manuel,104,18720
387,Kerk,193,52110
388,Maxwell,227,81720
389,Carmelle,165,29700
390,Galvin,92,16560
391,Courtney,222,79920
392,Karney,132,23760
393,Tris,190,51300
394,Andie,165,29700
395,Tasia,105,18900
396,Aryn,218,78480
397,Ninetta,212,76320
398,Vick,109,19620
399,Laurice,216,77760
400,Junette,93,16740
401,Cherin,210,75600
402,Phillis,148,26640
403,Kyla,157,28260
404,Carmina,178,48060
405,El,125,22500
406,Janetta,116,20880
407,Guillema,166,29880
408,Sara,235,84600
409,Marcella,207,55890
410,Beaufort,136,24480
411,Torre,87,15660
412,Cammy,127,22860
413,Brose,233,83880
414,Stepha,148,26640
415,Margalit,200,54000
416,Duffie,94,16920
417,Rowe,208,74880
418,Demetri,107,19260
419,Packston,226,81360
420,Madison,108,19440
421,Tiphani,164,29520
422,Wendall,188,50760
423,Tiphany,180,48600
424,Sharleen,206,55620
425,Virgina,166,29880
426,Trevor,202,54540
427,Lynea,233,83880
428,Tarra,121,21780
429,Liam,127,22860
430,Ania,129,23220
431,Arlan,82,14760
432,Kiri,156,28080
433,Ferdinanda,227,81720
434,Melisande,190,51300
435,Donelle,120,21600
436,Ignace,181,48870
437,Josh,127,22860
438,Kevyn,238,85680
439,Benny,233,83880
440,Walton,134,24120
441,Josias,172,30960
442,Fiorenze,225,81000
443,Pierson,152,27360
444,Romonda,146,26280
445,Abraham,141,25380
446,Zelda,108,19440
447,Cointon,180,48600
448,Leonid,125,22500
449,Gal,194,52380
450,Andrei,152,27360
451,Melamie,114,20520
452,Farrand,142,25560
453,Alfy,207,55890
454,Simonne,151,27180
455,Chauncey,87,15660
456,Austina,224,80640
457,Goldia,239,86040
458,Osborne,163,29340
459,Ertha,115,20700
460,Francine,170,30600
461,Hill,108,19440
462,Charmaine,232,83520
463,Eimile,90,16200
464,Theo,113,20340
465,Dimitri,203,54810
466,Seamus,132,23760
467,Dido,191,51570
468,Gerladina,117,21060
469,Des,177,47790
470,Horace,120,21600
471,Calida,138,24840
472,Murielle,224,80640
473,Rosamund,147,26460
474,Sorcha,93,16740
475,Shandee,102,18360
476,Tildi,206,55620
477,Oren,135,24300
478,Chrysler,100,18000
479,Rolando,159,28620
480,Renell,133,23940
481,Brigitte,203,54810
482,Lu,210,75600
483,Simonette,132,23760
484,Rockey,189,51030
485,Hertha,148,26640
486,Tarrah,82,14760
487,Mikey,233,83880
488,Carlin,157,28260
489,Filmer,131,23580
490,Leigh,126,22680
491,Amil,145,26100
492,Earlie,104,18720
493,Gianna,144,25920
494,Bentley,109,19620
495,Horatia,106,19080
496,Rosamund,101,18180
497,Jeralee,134,24120
498,Alec,170,30600
499,Bary,191,51570
500,Bev,194,52380
501,Shauna,176,31680
502,Del,105,18900
503,Anthiathia,91,16380
504,Brandie,180,48600
505,Hollyanne,120,21600
506,Rowen,104,18720
507,Juli,192,51840
508,Ardra,207,55890
509,Elton,173,31140
510,Elmira,216,77760
511,Nara,179,48330
512,Wallas,228,82080
513,Scotty,223,80280
514,Tabb,171,30780
515,Yancey,209,75240
516,Homer,209,75240
517,Abbe,166,29880
518,Goran,136,24480
519,Tally,167,30060
520,Katinka,178,48060
521,Sigfrid,109,19620
522,Grantham,141,25380
523,Briano,146,26280
524,Ronica,186,50220
525,Emlen,227,81720
526,Annabel,215,77400
527,Waldo,215,77400
528,Cad,157,28260
529,Karlen,200,54000
530,Minni,110,19800
531,Nananne,156,28080
532,Gary,136,24480
533,Jefferey,153,27540
534,Marlo,223,80280
535,Franny,123,22140
536,Danell,145,26100
537,Elysha,149,26820
538,Claudius,106,19080
539,Dilly,178,48060
540,Dyan,91,16380
541,Perry,188,50760
542,Pace,233,83880
543,Dalila,127,22860
544,Skipp,235,84600
545,Gal,229,82440
546,Sigismund,106,19080
547,Derick,223,80280
548,Florenza,225,81000
549,Egbert,236,84960
550,Arliene,198,53460
551,Caren,179,48330
552,Ginger,84,15120
553,Morgan,127,22860
554,Angeli,109,19620
555,Wallache,100,18000
556,Alexandrina,206,55620
557,Mirabella,183,49410
558,Gamaliel,180,48600
559,Karisa,102,18360
560,Walker,191,51570
561,Art,186,50220
562,Juanita,139,25020
563,Lynsey,151,27180
564,Decca,202,54540
565,Margie,225,81000
566,Nils,137,24660
567,Ryan,169,30420
568,Quintina,113,20340
569,Karlik,122,21960
570,Care,204,55080
571,Athena,191,51570
572,Ansell,209,75240
573,Dugald,113,20340
574,Laraine,166,29880
575,Reggis,216,77760
576,Robert,101,18180
577,Cassi,209,75240
578,Kelly,184,49680
579,Efrem,154,27720
580,Gibb,161,28980
581,Cash,228,82080
582,Lew,157,28260
583,Ros,127,22860
584,Maximo,177,47790
585,Lynn,206,55620
586,Waring,131,23580
587,Zuzana,214,77040
588,Lombard,110,19800
589,Laurena,156,28080
590,Gwynne,116,20880
591,Carlie,206,55620
592,Darbie,145,26100
593,Fleurette,181,48870
594,Leilah,127,22860
595,Newton,111,19980
596,Esra,168,30240
597,Laurice,119,21420
598,Neala,218,78480
599,Archibald,100,18000
600,Meghan,187,50490
601,Gregoor,200,54000
602,Cassandry,120,21600
603,Rahel,223,80280
604,Chiquita,90,16200
605,Casey,221,79560
606,Georgina,159,28620
607,Axe,90,16200
608,Marline,236,84960
609,Matty,152,27360
610,Josias,114,20520
611,Ag,200,54000
612,Dannie,94,16920
613,Gusty,95,17100
614,Abraham,210,75600
615,Bernadette,212,76320
616,Farra,191,51570
617,Miner,113,20340
618,Layton,211,75960
619,Roderigo,215,77400
620,Karrie,150,27000
621,Eirena,85,15300
622,Tracee,80,14400
623,Normand,157,28260
624,Joan,226,81360
625,Evangeline,177,47790
626,Kristian,103,18540
627,Junina,192,51840
628,Thom,221,79560
629,Margy,215,77400
630,Thorn,117,21060
631,Jamie,130,23400
632,Flss,219,78840
633,Ad,141,25380
634,Jeanie,183,49410
635,Luigi,236,84960
636,Kory,206,55620
637,Chloette,146,26280
638,Dorolisa,107,19260
639,Thain,222,79920
640,Manya,189,51030
641,Otto,188,50760
642,Raynard,126,22680
643,Giulio,150,27000
644,Lambert,234,84240
645,Terese,107,19260
646,Nannette,146,26280
647,Reuben,203,54810
648,Biron,81,14580
649,Lynnette,207,55890
650,Irv,225,81000
651,Hammad,115,20700
652,Cilka,238,85680
653,Killian,86,15480
654,Bent,149,26820
655,Skippy,96,17280
656,Nil,117,21060
657,Jake,99,17820
658,Jordan,232,83520
659,Ange,99,17820
660,Yardley,127,22860
661,Rhonda,185,49950
662,Lisle,151,27180
663,Durand,125,22500
664,Nickie,163,29340
665,Louisa,224,80640
666,Alyssa,173,31140
667,Harman,112,20160
668,Annemarie,240,86400
669,Aryn,127,22860
670,Daniela,178,48060
671,Jania,191,51570
672,Mirabella,202,54540
673,Ashly,135,24300
674,Blake,199,53730
675,Kaycee,185,49950
676,Murray,146,26280
677,Aloin,110,19800
678,Carroll,203,54810
679,Randy,221,79560
680,Joyann,198,53460
681,Yale,202,54540
682,Abraham,220,79200
683,Othella,207,55890
684,Alanna,238,85680
685,Clevey,102,18360
686,Darb,201,54270
687,Eugenie,164,29520
688,Brunhilde,80,14400
689,Bernardine,166,29880
690,Pasquale,201,54270
691,Clarinda,95,17100
692,Elwyn,155,27900
693,Megan,207,55890
694,Chrisse,99,17820
695,Gennie,176,31680
696,Emmalee,216,77760
697,Adria,184,49680
698,Bliss,96,17280
699,Issy,132,23760
700,Phillida,203,54810
701,Hagen,104,18720
702,Jaine,135,24300
703,Bette,219,78840
704,Issy,222,79920
705,Bernardina,156,28080
706,Tate,185,49950
707,Madelon,171,30780
708,Amie,146,26280
709,Ninette,167,30060
710,Anneliese,80,14400
711,Rosanne,203,54810
712,Genvieve,151,27180
713,Noam,201,54270
714,Gracie,213,76680
715,Gunter,136,24480
716,Silvanus,125,22500
717,Johnath,168,30240
718,Clotilda,225,81000
719,Yvonne,126,22680
720,Colleen,169,30420
721,Avril,198,53460
722,Zechariah,155,27900
723,Angeli,155,27900
724,Cammy,87,15660
725,Donella,169,30420
726,Leone,240,86400
727,Rey,168,30240
728,Angel,151,27180
729,Ches,166,29880
730,Haley,122,21960
731,Vittoria,155,27900
732,Gratiana,128,23040
733,Randi,106,19080
734,Jodi,81,14580
735,Rosabella,198,53460
736,Lev,156,28080
737,Jennette,141,25380
738,Lin,234,84240
739,Maisie,159,28620
740,Georgi,109,19620
741,Obidiah,199,53730
742,Algernon,229,82440
743,Aurelia,133,23940
744,Elbertina,189,51030
745,Liana,93,16740
746,Babbie,226,81360
747,Hamlin,162,29160
748,Deana,218,78480
749,Lita,141,25380
750,Merrili,180,48600
751,Pammy,221,79560
752,Jenda,136,24480
753,Belva,182,49140
754,Madelon,234,84240
755,Homerus,210,75600
756,Luther,174,31320
757,Lulu,115,20700
758,Read,91,16380
759,Filmore,86,15480
760,Herrick,122,21960
761,Dolph,103,18540
762,Tedi,228,82080
763,Rosanna,139,25020
764,Jo,102,18360
765,Brandea,156,28080
766,Brice,237,85320
767,Penny,163,29340
768,Janela,102,18360
769,Karyn,155,27900
770,Dalia,120,21600
771,Lizette,143,25740
772,Cacilia,154,27720
773,Ezequiel,150,27000
774,Corey,89,16020
775,Aurelea,229,82440
776,Joshia,220,79200
777,Karoly,212,76320
778,Gary,145,26100
779,Shelley,146,26280
780,Peirce,232,83520
781,Alis,155,27900
782,Marlowe,96,17280
783,Melisenda,105,18900
784,Gib,235,84600
785,Henry,215,77400
786,Ly,85,15300
787,Arlan,173,31140
788,Aleksandr,164,29520
789,Janina,152,27360
790,Yank,192,51840
791,Molli,81,14580
792,Shayna,224,80640
793,Roberto,207,55890
794,Pail,161,28980
795,Montgomery,157,28260
796,Brittne,114,20520
797,Fayth,221,79560
798,Vin,169,30420
799,Rhea,82,14760
800,Armando,216,77760
801,Hedvig,238,85680
802,Bili,152,27360
803,Lindsy,123,22140
804,Bartie,92,16560
805,Colver,203,54810
806,Brooks,185,49950
807,Glynn,172,30960
808,Gerardo,126,22680
809,Blaire,181,48870
810,Rees,206,55620
811,Eleanor,207,55890
812,Wilhelmine,148,26640
813,Gaelan,154,27720
814,Freddy,125,22500
815,Gwenny,208,74880
816,Wynnie,104,18720
817,Basilio,181,48870
818,Harland,131,23580
819,Esma,223,80280
820,Boothe,221,79560
821,Aleta,209,75240
822,Manon,160,28800
823,Sergeant,210,75600
824,Cordy,94,16920
825,Michail,135,24300
826,Aime,178,48060
827,Stanford,234,84240
828,Euell,134,24120
829,Gibb,152,27360
830,Natividad,88,15840
831,Shane,181,48870
832,Barbra,219,78840
833,Courtney,121,21780
834,Doug,209,75240
835,Alfons,167,30060
836,Bertine,95,17100
837,Winnie,224,80640
838,Ibrahim,212,76320
839,Forester,143,25740
840,Evelyn,226,81360
841,Juliann,102,18360
842,Sarah,90,16200
843,Berkly,108,19440
844,Stormy,208,74880
845,Harrie,129,23220
846,Cosmo,179,48330
847,Noe,97,17460
848,Giulio,96,17280
849,Quinn,176,31680
850,Frankie,117,21060
851,Parke,115,20700
852,Tamara,113,20340
853,Colas,99,17820
854,Karry,182,49140
855,Al,205,55350
856,Gilli,209,75240
857,Monah,160,28800
858,Brietta,172,30960
859,Chase,193,52110
860,Claribel,142,25560
861,Anthia,108,19440
862,Ray,233,83880
863,Jaclin,238,85680
864,Kathrine,204,55080
865,Drew,188,50760
866,Fidel,146,26280
867,Hansiain,116,20880
868,Hoyt,171,30780
869,Benni,84,15120
870,Frieda,226,81360
871,Tonie,146,26280
872,Tressa,159,28620
873,Murray,178,48060
874,Brett,192,51840
875,Ruby,225,81000
876,Maggi,220,79200
877,Marcos,238,85680
878,Cherye,179,48330
879,Tressa,162,29160
880,Mortimer,105,18900
881,Nettle,181,48870
882,Jesus,171,30780
883,Gay,158,28440
884,Arabelle,204,55080
885,Pablo,240,86400
886,Amelita,208,74880
887,Amil,123,22140
888,Shay,86,15480
889,Constantin,178,48060
890,Isidoro,158,28440
891,Philip,239,86040
892,Horst,205,55350
893,Jamal,237,85320
894,Tedda,188,50760
895,Winnie,182,49140
896,Haze,153,27540
897,Isadora,205,55350
898,Sidoney,158,28440
899,Yuri,82,14760
900,Spike,186,50220
901,Lorry,126,22680
902,Richmound,123,22140
903,Constancia,194,52380
904,Meghann,96,17280
905,Trude,136,24480
906,Reinald,102,18360
907,Cheston,181,48870
908,Godfry,196,52920
909,Edik,108,19440
910,Mortie,114,20520
911,Dun,132,23760
912,Ailyn,186,50220
913,Reggi,115,20700
914,Sheppard,112,20160
915,Curt,240,86400
916,Boigie,212,76320
917,Dulci,183,49410
918,Lisette,211,75960
919,Kimmie,143,25740
920,Sibilla,237,85320
921,Faunie,137,24660
922,Loria,154,27720
923,Nealon,175,31500
924,Skipp,137,24660
925,Tiena,95,17100
926,Galvin,195,52650
927,Erda,135,24300
928,Lulita,197,53190
929,Ringo,181,48870
930,Conn,115,20700
931,Allyson,91,16380
932,Joya,178,48060
933,Rafferty,87,15660
934,Debby,181,48870
935,Anne-marie,231,83160
936,Clayson,229,82440
937,Jennine,115,20700
938,Drona,164,29520
939,Brynna,196,52920
940,Francisco,140,25200
941,Charlene,176,31680
942,Egor,189,51030
943,Westleigh,88,15840
944,Suzanna,142,25560
945,Noe,105,18900
946,Dewey,145,26100
947,Cornelius,226,81360
948,Georgie,184,49680
949,Sherman,182,49140
950,Humphrey,211,75960
951,Vale,210,75600
952,Chiquita,181,48870
953,Burr,102,18360
954,Harmonia,179,48330
955,Giacomo,190,51300
956,Brian,196,52920
957,Irwinn,174,31320
958,Ashleigh,216,77760
959,Morty,192,51840
960,Chaddy,227,81720
961,Garik,97,17460
962,Cookie,100,18000
963,Waldo,207,55890
964,Mariam,216,77760
965,Bryna,102,18360
966,Joannes,147,26460
967,Donielle,186,50220
968,Emma,227,81720
969,Normand,109,19620
970,Gavrielle,125,22500
971,Seumas,96,17280
972,Wyatt,176,31680
973,Bogart,174,31320
974,Ellette,215,77400
975,Enrico,123,22140
976,Christoffer,153,27540
977,Riannon,209,75240
978,Jenelle,110,19800
979,Fredrika,143,25740
980,Francisco,85,15300
981,Torr,234,84240
982,Valerye,136,24480
983,Anthia,84,15120
984,Stormi,135,24300
985,Randal,119,21420
986,Hugh,142,25560
987,Marlane,92,16560
988,Tybie,109,19620
989,Bethanne,236,84960
990,Karoly,85,15300
991,Wendie,225,81000
992,Giselle,175,31500
993,Sisely,158,28440
994,Jen,152,27360
995,Tabbie,110,19800
996,Mab,127,22860
997,Viole,131,23580
998,Abbye,125,22500
999,Lauralee,95,17100
1000,Jessie,175,31500
